spawns: 
  default: 
    world: world
    x: -170.80062521910577
    y: 75.0
    z: 228.3457396772696
    yaw: -5.4002805
    pitch: 31.199982
